0.0     1.000000        0.000000
71.8    1.000000        0.000000
143.6   1.000000        0.000000
215.4   1.000000        0.000000
287.2   1.000000        0.000000
359.0   1.000000        0.000000
430.8   1.000000        0.000000
502.6   1.000000        0.000000
574.4   1.000000        0.000000
646.3   1.000000        0.000000
718.1   1.000000        0.000000
789.9   1.000000        0.000000
861.7   1.000000        0.000000
933.5   1.000000        0.000000
1005.3  8874.660156     39.481518
1077.1  3461.394287     35.392509
1148.9  6244.518555     37.954987
1220.7  13848.193359    41.413933
1292.5  16419.228516    42.153526
1364.3  21454.626953    43.315208
1436.1  18328.943359    42.631374
1507.9  7682.519531     38.855038
1579.7  4280.224121     36.314667
1651.5  15502.821289    41.904106
1723.3  14867.060547    41.722252
1795.1  13330.950195    41.248611
1866.9  590.981018      27.715736
1938.8  18329.414062    42.631489
2010.6  21235.046875    43.270531
2082.4  7274.112793     38.617798
2154.2  20111.603516    43.034470
2226.0  24568.248047    43.903740
2297.8  17672.433594    42.472961
2369.6  11052.154297    40.434471
2441.4  6508.346191     38.134705
2513.2  12198.131836    40.862930
2585.0  15787.158203    41.983040
2656.8  12315.552734    40.904541
2728.6  8203.953125     39.140232
2800.4  11510.089844    40.610786
2872.2  8364.821289     39.224567
2944.0  8705.960938     39.398167
3015.8  18728.761719    42.725090
3087.6  18355.740234    42.637718
3159.4  16815.554688    42.257114
3231.3  5216.560547     37.173843
3303.1  11283.898438    40.524593
3374.9  15640.402344    41.942478
3446.7  20131.703125    43.038807
3518.5  15419.540039    41.880714
3590.3  17297.263672    42.379776
3662.1  13032.740234    41.150356
3733.9  6171.851562     37.904156
3805.7  5685.322266     37.547550
3877.5  14777.276367    41.695942
3949.3  15422.590820    41.881577
4021.1  12244.109375    40.879272
4092.9  1977.469482     32.961098
4164.7  9355.995117     39.710899
4236.5  19591.455078    42.920666
4308.3  17623.982422    42.461044
4380.1  18748.234375    42.729603
4452.0  17788.541016    42.501404
4523.8  12107.111328    40.830406
4595.6  6168.896973     37.902073
4667.4  10984.490234    40.407799
4739.2  16293.781250    42.120216
4811.0  21019.693359    43.226265
4882.8  12890.557617    41.102718
4954.6  5440.129395     37.356094
5026.4  10833.359375    40.347633
5098.2  12167.200195    40.851906
5170.0  12702.424805    41.038864
5241.8  14992.758789    41.758812
5313.6  11775.798828    40.709908
5385.4  11154.165039    40.474373
5457.2  3478.302979     35.413673
5529.0  14593.343750    41.641548
5600.8  22868.078125    43.592297
5672.6  25017.785156    43.982487
5744.5  17101.802734    42.330418
5816.3  12424.877930    40.942921
5888.1  6575.872559     38.179535
5959.9  4954.358887     36.949875
6031.7  8141.681152     39.107140
6103.5  11994.253906    40.789734
6175.3  13912.153320    41.433945
6247.1  10661.563477    40.278210
6318.9  3376.190430     35.284267
6390.7  13122.092773    41.180031
6462.5  24405.179688    43.874821
6534.3  21262.998047    43.276245
6606.1  18765.560547    42.733616
6677.9  8347.238281     39.215427
6749.7  3594.516113     35.556404
6821.5  2716.242920     34.339684
6893.3  13633.008789    41.345917
6965.1  18033.187500    42.560726
7037.0  23474.593750    43.705982
7108.8  13816.025391    41.403831
7180.6  5349.812500     37.283386
7252.4  11703.674805    40.683220
7324.2  15201.220703    41.818787
7396.0  16416.509766    42.152809
7467.8  10786.531250    40.328819
7539.6  3592.761230     35.554283
7611.4  4009.418213     36.030815
7683.2  8884.407227     39.486282
7755.0  15475.383789    41.896416
7826.8  25637.515625    44.088760
7898.6  25577.595703    44.078598
7970.4  19189.832031    42.830711
8042.2  7962.720215     39.010616
8114.0  5473.022461     37.382271
8185.8  8567.219727     39.328400
8257.7  11951.244141    40.774132
8329.5  9091.333008     39.586273
8401.3  11476.829102    40.598221
8473.1  10982.177734    40.406883
8544.9  5581.463867     37.467484
8616.7  14896.101562    41.730728
8688.5  24245.253906    43.846268
8760.3  21939.562500    43.412281
8832.1  17750.953125    42.492218
8903.9  4018.587646     36.040733
8975.7  6398.705078     38.060921
9047.5  13514.610352    41.308037
9119.3  15965.998047    42.031960
9191.1  17441.148438    42.415752
9262.9  21655.449219    43.355671
9334.7  12926.355469    41.114761
9406.5  6342.096680     38.022327
9478.3  11031.208008    40.426231
9550.2  14898.062500    41.731300
9622.0  17606.064453    42.456623
9693.8  7154.333008     38.545692
9765.6  3559.156250     35.513470
9837.4  11270.857422    40.519569
9909.2  16923.333984    42.284859
9981.0  16457.521484    42.163643
10052.8 23829.398438    43.771130
10124.6 20849.751953    43.191010
10196.4 17143.798828    42.341072
10268.2 4061.287842     36.086639
10340.0 11219.346680    40.499680
10411.8 14969.934570    41.752201
10483.6 16869.261719    42.270962
10555.4 7583.658691     38.798786
10627.2 9552.332031     39.801094
10699.0 13858.199219    41.417068
10770.8 10569.832031    40.240677
10842.7 15350.977539    41.861362
10914.5 18312.767578    42.627541
10986.3 17499.070312    42.430149
11058.1 12338.064453    40.912472
11129.9 8923.762695     39.505478
11201.7 14411.005859    41.586945
11273.5 23686.380859    43.744987
11345.3 19760.750000    42.958035
11417.1 17013.773438    42.308006
11488.9 15827.748047    41.994190
11560.7 9536.194336     39.793751
11632.5 6750.388672     38.293289
11704.3 9814.811523     39.918819
11776.1 12524.686523    40.977669
11847.9 15961.899414    42.030846
11919.7 3924.443848     35.937782
11991.5 7036.209473     38.473389
12063.4 19260.261719    42.846622
12135.2 23484.214844    43.707764
12207.0 20649.296875    43.149052
12278.8 19289.443359    42.853199
12350.6 11797.866211    40.718037
12422.4 10157.861328    40.068020
12494.2 3661.485840     35.636574
12566.0 14638.977539    41.655106
12637.8 20453.126953    43.107597
12709.6 20701.515625    43.160023
12781.4 9190.644531     39.633461
12853.2 8218.783203     39.148075
12925.0 15891.038086    42.011524
12996.8 15227.932617    41.826408
13068.6 16430.048828    42.156387
13140.4 10130.020508    40.056107
13212.2 9256.208984     39.664330
13284.0 3149.160156     34.981949
13355.9 11753.481445    40.701668
13427.7 19560.003906    42.913689
13499.5 29914.912109    44.758877
13571.3 23188.710938    43.652767
13643.1 17741.849609    42.489990
13714.9 7334.421387     38.653660
13786.7 4780.809082     36.795013
13858.5 8455.911133     39.271606
13930.3 9624.780273     39.833908
14002.1 9909.185547     39.960381
14073.9 14026.875977    41.469608
14145.7 5559.499512     37.450356
14217.5 8052.989746     39.059570
14289.3 23076.750000    43.631744
14361.1 25680.222656    44.095989
14432.9 23930.578125    43.789528
14504.7 13951.737305    41.446285
14576.5 2926.476318     34.663452
14648.4 1955.336792     32.912216
14720.2 11157.781250    40.475777
14792.0 15378.446289    41.869125
14863.8 22741.316406    43.568157
14935.6 21442.722656    43.312798
15007.4 11393.436523    40.566551
15079.2 7077.773438     38.498966
15151.0 15426.031250    41.882545
15222.8 17057.042969    42.319035
15294.6 16141.735352    42.079502
15366.4 3197.713623     35.048397
15438.2 1744.191528     32.415939
15510.0 10552.928711    40.233730
15581.8 14501.464844    41.614117
15653.6 21424.699219    43.309143
15725.4 29172.736328    44.649773
15797.2 22819.091797    43.582985
15869.1 16858.623047    42.268219
15940.9 1757.130127     32.448040
16012.7 8261.946289     39.170822
16084.5 14451.962891    41.599270
16156.3 10778.759766    40.325691
16228.1 7981.002930     39.020573
16299.9 14259.306641    41.540985
16371.7 11027.125977    40.424622
16443.5 10807.641602    40.337311
16515.3 21872.812500    43.399048
16587.1 22173.429688    43.458328
16658.9 22536.826172    43.528931
16730.7 8963.470703     39.524761
16802.5 9730.812500     39.881493
16874.3 14185.695312    41.518509
16946.1 20490.914062    43.115612
17017.9 16482.751953    42.170296
17089.7 21340.751953    43.292099
17161.6 18052.876953    42.565464
17233.4 11230.959961    40.504169
17305.2 6540.263672     38.155952
17377.0 13327.330078    41.247429
17448.8 16308.438477    42.124123
17520.6 13832.117188    41.408886
17592.4 2762.360840     34.412804
17664.2 9389.945312     39.726631
17736.0 21769.437500    43.378471
17807.8 19633.351562    42.929947
17879.6 22219.984375    43.467438
17951.4 22338.812500    43.490601
18023.2 17201.376953    42.355633
18095.0 11247.764648    40.510666
18166.8 8829.965820     39.459591
18238.6 14471.942383    41.605267
18310.4 21433.064453    43.310844
18382.2 13502.840820    41.304249
18454.1 7081.996582     38.501556
18525.9 15098.715820    41.789398
18597.7 15436.217773    41.885410
18669.5 15717.256836    41.963768
18741.3 17612.517578    42.458214
18813.1 14249.766602    41.538078
18884.9 14845.878906    41.716061
18956.7 3774.575684     35.768681
19028.5 14876.388672    41.724976
19100.3 24189.544922    43.836281
19172.1 27557.093750    44.402332
19243.9 19525.853516    42.906097
19315.7 16677.742188    42.221375
19387.5 10395.281250    40.168362
19459.3 8421.153320     39.253716
19531.1 7806.979492     38.924831
19602.9 11268.703125    40.518742
19674.8 14514.985352    41.618164
19746.6 11731.083984    40.693382
19818.4 3941.868652     35.957024
19890.2 14812.142578    41.706181
19962.0 28104.753906    44.487797
20033.8 24245.119141    43.846245
20105.6 22663.638672    43.553295
20177.4 11957.983398    40.776581
20249.2 7329.283691     38.650616
20321.0 1977.726074     32.961662
20392.8 13442.459961    41.284790
20464.6 18573.677734    42.688980
20536.4 26045.521484    44.157330
20608.2 15659.908203    41.947895
20680.0 7418.647949     38.703247
20751.8 14520.863281    41.619926
20823.6 17306.957031    42.382206
20895.4 19247.474609    42.843739
20967.3 12727.398438    41.047398
21039.1 4865.895996     36.871628
21110.9 5242.364258     37.195274
21182.7 8825.738281     39.457508
21254.5 16722.294922    42.232956
21326.3 29081.410156    44.636154
21398.1 29503.533203    44.698738
21469.9 21914.265625    43.407269
21541.7 10906.651367    40.376915
21613.5 5162.366699     37.128490
21685.3 8614.717773     39.352409
21757.1 12027.425781    40.801727
21828.9 9487.135742     39.771351
21900.7 12681.146484    41.031586
21972.5 12598.864258    41.003311
22044.3 6637.056152     38.219753
22116.1 17364.396484    42.396599
22187.9 28175.990234    44.498791
22259.8 24918.458984    43.965210
22331.6 20836.419922    43.188232
22403.4 3793.536621     35.790443
22475.2 4588.523438     36.616730
22547.0 12671.256836    41.028198
22618.8 17012.582031    42.307701
22690.6 19248.921875    42.844063
22762.4 25414.941406    44.050888
22834.2 14920.763672    41.737907
22906.0 7680.466797     38.853878
22977.8 13381.190430    41.264950
23049.6 16746.031250    42.239117
23121.4 19756.728516    42.957150
23193.2 7769.733887     38.904060
23265.0 3628.563965     35.597347
23336.8 11147.629883    40.471825
23408.6 17995.724609    42.551693
23480.5 18398.392578    42.647800
23552.3 28211.742188    44.504299
23624.1 24805.435547    43.945469
23695.9 19886.064453    42.985489
23767.7 4570.681641     36.599812
23839.5 11274.014648    40.520786
23911.3 14962.207031    41.749954
23983.1 17104.363281    42.331070
24054.9 7724.691406     38.878811
24126.7 11404.943359    40.570930
24198.5 15913.117188    42.017551
24270.3 11144.866211    40.470749
24342.1 18082.210938    42.572517
24413.9 23165.179688    43.648357
24485.7 20918.578125    43.205322
24557.5 14808.662109    41.705162
24629.3 9552.617188     39.801224
24701.1 15168.124023    41.809319
24773.0 24443.457031    43.881626
24844.8 20185.423828    43.050381
24916.6 18071.160156    42.569862
24988.4 19597.640625    42.922039
25060.2 11105.079102    40.455215
25132.0 6986.781250     38.442772
25203.8 12450.510742    40.951874
25275.6 14684.970703    41.668732
25347.4 17611.615234    42.457993
25419.2 3047.208008     34.839020
25491.0 9218.662109     39.646679
25562.8 20779.576172    43.176365
25634.6 25009.562500    43.981060
25706.4 20838.781250    43.188725
25778.2 22674.228516    43.555328
25850.0 15250.235352    41.832767
25921.8 12752.105469    41.055817
25993.7 3988.323486     36.007904
26065.5 16914.892578    42.282692
26137.3 20955.884766    43.213062
26209.1 20700.822266    43.159874
26280.9 7066.963867     38.492329
26352.7 9996.328125     39.998405
26424.5 18792.326172    42.739807
26496.3 15328.168945    41.854900
26568.1 17584.519531    42.451305
26639.9 13766.624023    41.388275
26711.7 12314.170898    40.904049
26783.5 5177.942383     37.141571
26855.3 14859.288086    41.719978
26927.1 21812.826172    43.387115
26998.9 31951.097656    45.044857
27070.7 22784.099609    43.576317
27142.5 16632.291016    42.209518
27214.3 10627.148438    40.264168
27286.2 6195.997559     37.921112
27358.0 7659.272949     38.841873
27429.8 11794.935547    40.716957
27501.6 11744.495117    40.698341
27573.4 14617.088867    41.648605
27645.2 3281.664795     35.160942
27717.0 11518.992188    40.614147
27788.8 26566.816406    44.243393
27860.6 28086.287109    44.484943
27932.4 23459.994141    43.703278
28004.2 14826.079102    41.710262
28076.0 2778.240967     34.437698
28147.8 1699.780762     32.303928
28219.6 10943.145508    40.391422
28291.4 18725.103516    42.724243
28363.2 24340.501953    43.863297
28435.0 21950.687500    43.414482
28506.8 7532.282715     38.769268
28578.7 8283.166992     39.181965
28650.5 19388.431641    42.875427
28722.3 17660.685547    42.470074
28794.1 16238.224609    42.105385
28865.9 3592.276123     35.553696
28937.7 1534.817017     31.860565
29009.5 6957.950684     38.424812
29081.3 17239.634766    42.365280
29153.1 24200.960938    43.838326
29224.9 33053.152344    45.192127
29296.7 23114.728516    43.638885
29368.5 15520.338867    41.909012
29440.3 3406.061035     35.322525
29512.1 7938.137207     38.997185
29583.9 11609.620117    40.648178
29655.7 10682.468750    40.286716
29727.5 8967.115234     39.526527
29799.4 13652.399414    41.352089
29871.2 8447.060547     39.267056
29943.0 11343.208984    40.547363
30014.8 26819.300781    44.284473
30086.6 26174.546875    44.178791
30158.4 23345.072266    43.681950
30230.2 8869.815430     39.479145
30302.0 10360.820312    40.153942
30373.8 10856.685547    40.356976
30445.6 18129.740234    42.583916
30517.4 17409.103516    42.407764
30589.2 23679.210938    43.743671
30661.0 19824.802734    42.972088
30732.8 8423.154297     39.254745
30804.6 6346.567871     38.025391
30876.4 17217.460938    42.359692
30948.2 16632.007812    42.209450
31020.0 12984.452148    41.134239
31091.9 5906.472656     37.713284
31163.7 9583.744141     39.815353
31235.5 19205.460938    42.834248
31307.3 18712.917969    42.721413
31379.1 22817.878906    43.582756
31450.9 27713.988281    44.426991
31522.7 19940.548828    42.997368
31594.5 13819.037109    41.404778
31666.3 11618.718750    40.651585
31738.1 14933.785156    41.741699
31809.9 17979.394531    42.547752
31881.7 10339.567383    40.145027
31953.5 6513.851074     38.138378
32025.3 16030.157227    42.049377
32097.1 13450.755859    41.287464
32168.9 11419.671875    40.576534
32240.7 20581.732422    43.134819
32312.5 17855.109375    42.517624
32384.4 18754.953125    42.731163
32456.2 9773.244141     39.900391
32528.0 20269.558594    43.068443
32599.8 23051.589844    43.627010
32671.6 25514.027344    44.067787
32743.4 16024.437500    42.047829
32815.2 18848.603516    42.752792
32887.0 14087.725586    41.488411
32958.8 8401.628906     39.243637
33030.6 3941.205566     35.956291
33102.4 14167.299805    41.512871
33174.2 13751.416992    41.383476
33246.0 9053.661133     39.568245
33317.8 10555.090820    40.234619
33389.6 17623.074219    42.460819
33461.4 28494.623047    44.547630
33533.2 21162.529297    43.255676
33605.1 20433.400391    43.103409
33676.9 16265.563477    42.112690
33748.7 12948.305664    41.122131
33820.5 9103.279297     39.591976
33892.3 18548.548828    42.683102
33964.1 21087.742188    43.240299
34035.9 24751.824219    43.936073
34107.7 11875.571289    40.746544
34179.5 3944.679932     35.960117
34251.3 16887.871094    42.275749
34323.1 15730.922852    41.967545
34394.9 13801.031250    41.399117
34466.7 10731.114258    40.306450
34538.5 5733.626465     37.584293
34610.3 8988.723633     39.536980
34682.1 11715.473633    40.687599
34753.9 24265.455078    43.849884
34825.7 31919.792969    45.040604
34897.6 30733.677734    44.876144
34969.4 19562.171875    42.914169
35041.2 11848.578125    40.736660
35113.0 4108.219727     36.136536
35184.8 4443.709473     36.477455
35256.6 4345.400391     36.380299
35328.4 13298.236328    41.237942
35400.2 12417.618164    40.940384
35472.0 9489.646484     39.772499
35543.8 8779.315430     39.434608
35615.6 19387.154297    42.875141
35687.4 31633.152344    45.001427
35759.2 24720.787109    43.930622
35831.0 20992.882812    43.220718
35902.8 5357.008301     37.289223
35974.6 6817.174805     38.336044
36046.4 6324.815430     38.010479
36118.2 21262.578125    43.276157
36190.1 24069.953125    43.814754
36261.9 30590.386719    44.855846
36333.7 16323.595703    42.128159
36405.5 6618.722168     38.207741
36477.3 12705.195312    41.039814
36549.1 14130.284180    41.501507
36620.9 16200.897461    42.095390
36692.7 3325.865967     35.219048
36764.5 6973.000977     38.434196
36836.3 6139.213379     37.881126
36908.1 15180.554688    41.812878
36979.9 20966.882812    43.215336
37051.7 33824.597656    45.292324
37123.5 31721.353516    45.013519
37195.3 26040.812500    44.156548
37267.1 11308.587891    40.534088
37338.9 10401.712891    40.171051
37410.8 5180.172363     37.143444
37482.6 9103.249023     39.591965
37554.4 12539.725586    40.982880
37626.2 15939.849609    42.024841
37698.0 16963.585938    42.295174
37769.8 5361.612793     37.292953
37841.6 15193.954102    41.816708
37913.4 25789.718750    44.114464
37985.2 24793.974609    43.943462
38057.0 20859.757812    43.193092
38128.8 16941.023438    42.289394
38200.6 16818.365234    42.257839
38272.4 20086.832031    43.029114
38344.2 20688.279297    43.157242
38416.0 22576.232422    43.536514
38487.8 30585.261719    44.855122
38559.6 19796.175781    42.965813
38631.4 14057.055664    41.478943
38703.3 7106.585938     38.516609
38775.1 9461.068359     39.759403
38846.9 13013.804688    41.144043
38918.7 4815.648926     36.826550
38990.5 15085.397461    41.785568
39062.3 21934.978516    43.411373
39134.1 23664.357422    43.740952
39205.9 18522.191406    42.676926
39277.7 28254.650391    44.510899
39349.5 24754.187500    43.936485
39421.3 26768.787109    44.276283
39493.1 16464.121094    42.165382
39564.9 23904.250000    43.784752
39636.7 19316.912109    42.859379
39708.5 19546.667969    42.910728
39780.3 9293.139648     39.681625
39852.1 17436.027344    42.414474
39923.9 22192.296875    43.462025
39995.8 13706.297852    41.369202
40067.6 11774.586914    40.709457
40139.4 11547.575195    40.624908
40211.2 16106.124023    42.069912
40283.0 13917.587891    41.435642
40354.8 24422.871094    43.877968
40426.6 27510.035156    44.394913
40498.4 36582.335938    45.632713
40570.2 26348.322266    44.207531
40642.0 23124.691406    43.640762
40713.8 21758.937500    43.376381
40785.6 16831.150391    42.261139
40857.4 15002.211914    41.761551
40929.2 13183.815430    41.200409
41001.0 13941.677734    41.443153
41072.8 14596.063477    41.642357
41144.6 4762.183105     36.778061
41216.5 13968.736328    41.451572
41288.3 31283.707031    44.953186
41360.1 31111.513672    44.929214
41431.9 26503.187500    44.232979
41503.7 19026.892578    42.793678
41575.5 12166.647461    40.851707
41647.3 17113.574219    42.333408
41719.1 17900.777344    42.528721
41790.9 30662.265625    44.866043
41862.7 34338.679688    45.357838
41934.5 33136.246094    45.203033
42006.3 16464.376953    42.165451
42078.1 15093.345703    41.787853
42149.9 18313.820312    42.627789
42221.7 18813.636719    42.744728
42293.5 12469.804688    40.958595
42365.3 5169.500000     37.134483
42437.1 310.254333      24.917179
42509.0 4863.621094     36.869598
42580.8 22675.703125    43.555607
42652.6 32927.843750    45.175632
42724.4 46812.648438    46.703636
42796.2 36565.914062    45.630764
42868.0 30001.640625    44.771454
42939.8 9486.025391     39.770844
43011.6 8314.001953     39.198101
43083.4 5484.419434     37.391308
43155.2 18520.894531    42.676620
43227.0 21363.736328    43.296772
43298.8 28342.683594    44.524406
43370.6 16491.769531    42.172668
43442.4 11039.813477    40.429615
43514.2 29773.296875    44.738270
43586.0 30357.539062    44.822662
43657.8 33290.539062    45.223206
43729.6 16817.566406    42.257633
43801.5 15783.049805    41.981911
43873.3 9197.657227     39.636772
43945.1 21913.263672    43.407074
44016.9 29569.322266    44.708412
44088.7 42835.250000    46.318012
44160.5 41309.042969    46.160450
44232.3 29518.677734    44.700970
44304.1 13334.528320    41.249775
44375.9 4968.438965     36.962200
44447.7 12111.429688    40.831951
44519.5 6276.114746     37.976910
44591.3 15877.651367    42.007862
44663.1 17617.814453    42.459522
44734.9 26384.964844    44.213566
44806.7 21130.841797    43.249168
44878.5 32074.958984    45.061661
44950.3 43459.761719    46.380875
45022.2 39191.234375    45.931889
45094.0 33006.335938    45.185970
45165.8 19940.687500    42.997402
45237.6 17472.089844    42.423447
45309.4 17801.505859    42.504570
45381.2 21338.814453    43.291702
45453.0 25150.490234    44.005466
45524.8 39029.542969    45.913933
45596.6 27955.328125    44.464645
45668.4 20605.841797    43.139908
45740.2 18241.312500    42.610558
45812.0 18911.638672    42.767292
45883.8 25346.388672    44.039158
45955.6 17364.576172    42.396641
46027.4 29800.042969    44.742168
46099.2 33919.781250    45.304531
46171.0 37256.156250    45.711979
46242.8 29667.156250    44.722755
46314.7 40827.894531    46.109573
46386.5 36830.160156    45.662037
46458.3 34255.695312    45.347328
46530.1 15033.940430    41.770729
46601.9 16156.856445    42.083569
46673.7 10775.947266    40.324554
46745.5 11615.826172    40.650501
46817.3 17971.292969    42.545795
46889.1 31010.318359    44.915062
46960.9 43399.367188    46.374836
47032.7 32446.998047    45.111748
47104.5 31620.289062    44.999657
47176.3 25678.279297    44.095657
47248.1 27993.625000    44.470592
47319.9 22600.896484    43.541256
47391.7 32222.324219    45.081566
47463.5 35725.957031    45.529839
47535.4 43603.402344    46.395203
47607.2 31819.984375    45.027000
47679.0 27690.488281    44.423309
47750.8 36350.871094    45.605148
47822.6 29552.033203    44.705872
47894.4 26291.871094    44.198219
47966.2 3249.528564     35.118202
48038.0 2267.622803     33.555710
48109.8 4364.178711     36.399025
48181.6 17881.701172    42.524090
48253.4 33963.464844    45.310120
48325.2 52171.035156    47.174297
48397.0 51839.968750    47.146648
48468.8 41096.261719    46.138023
48540.6 32522.890625    45.121887
48612.4 19792.738281    42.965057
48684.2 22096.736328    43.443279
48756.0 14439.152344    41.595417
48827.9 31375.470703    44.965900
48899.7 33528.183594    45.254101
48971.5 34489.980469    45.376930
49043.3 20044.091797    43.019863
49115.1 33863.996094    45.297386
49186.9 44771.027344    46.509972
49258.7 39226.652344    45.935814
49330.5 30191.673828    44.798870
49402.3 8601.849609     39.345917
49474.1 8901.699219     39.494728
49545.9 12061.567383    40.814037
49617.7 36161.007812    45.582405
49689.5 46731.433594    46.696091
49761.3 61134.574219    47.862869
49833.1 44452.230469    46.478935
49904.9 33418.019531    45.239807
49976.7 20036.886719    43.018303
50048.5 16282.417969    42.117191
50120.4 16668.525391    42.218971
50192.2 14371.576172    41.575047
50264.0 22792.349609    43.577888
50335.8 29157.660156    44.647526
50407.6 29406.794922    44.684479
50479.4 32728.580078    45.149273
50551.2 55583.371094    47.449451
50623.0 52053.046875    47.164459
50694.8 46376.402344    46.662971
50766.6 22116.892578    43.447243
50838.4 14066.911133    41.481987
50910.2 8156.531250     39.115055
50982.0 24682.177734    43.923836
51053.8 37546.562500    45.745701
51125.6 50225.710938    47.009262
51197.4 50062.312500    46.995110
51269.2 30980.062500    44.910820
51341.1 27826.187500    44.444538
51412.9 27134.615234    44.335236
51484.7 29632.027344    44.717613
51556.5 19190.173828    42.830791
51628.3 25062.068359    43.990170
51700.1 28195.039062    44.501728
51771.9 40175.921875    46.039658
51843.7 39977.308594    46.018135
51915.5 49703.867188    46.963902
51987.3 60607.414062    47.825256
52059.1 47039.312500    46.724609
52130.9 35212.582031    45.466980
52202.7 7694.358887     38.861725
52274.5 8337.582031     39.210400
52346.3 10038.799805    40.016819
52418.1 24690.873047    43.925365
52489.9 34908.304688    45.429287
52561.7 51588.964844    47.125568
52633.6 43581.382812    46.393009
52705.4 35235.070312    45.469749
52777.2 40908.054688    46.118088
52849.0 34473.820312    45.374893
52920.8 34964.007812    45.436211
52992.6 20310.384766    43.077183
53064.4 36513.566406    45.624542
53136.2 40328.554688    46.056129
53208.0 46302.957031    46.656090
53279.8 38391.769531    45.842381
53351.6 51649.593750    47.130669
53423.4 48901.554688    46.893227
53495.2 37575.765625    45.749077
53567.0 17831.623047    42.511906
53638.8 5234.931641     37.189110
53710.6 5650.162109     37.520607
53782.4 7199.764648     38.573185
53854.2 35567.667969    45.510555
53926.1 48163.070312    46.827141
53997.9 63246.312500    48.010353
54069.7 47752.308594    46.789940
54141.5 45300.574219    46.561035
54213.3 38707.972656    45.878006
54285.1 31884.353516    45.035778
54356.9 21838.763672    43.392281
54428.7 29269.128906    44.664097
54500.5 35127.503906    45.456470
54572.3 41351.675781    46.164932
54644.1 35567.191406    45.510498
54715.9 37196.855469    45.705063
54787.7 56617.242188    47.529488
54859.5 45958.792969    46.623688
54931.3 37885.199219    45.784698
55003.1 17088.390625    42.327011
55074.9 5225.717773     37.181458
55146.8 6593.122070     38.190910
55218.6 29859.166016    44.750778
55290.4 48919.296875    46.894802
55362.2 63803.121094    48.048420
55434.0 61842.027344    47.912834
55505.8 42424.941406    46.276211
55577.6 39482.539062    45.964050
55649.4 28245.167969    44.509438
55721.2 25931.875000    44.138340
55793.0 7295.714844     38.630680
55864.8 27413.888672    44.379707
55936.6 26697.185547    44.264656
56008.4 35193.390625    45.464611
56080.2 37396.855469    45.728348
56152.0 54908.476562    47.396393
56223.8 66787.617188    48.246960
56295.6 50678.664062    47.048256
56367.4 38374.445312    45.840420
56439.2 8287.611328     39.184296
56511.1 8454.742188     39.271004
56582.9 12797.552734    41.071266
56654.7 42300.714844    46.263474
56726.5 50623.269531    47.043499
56798.3 63664.679688    48.038986
56870.1 44703.097656    46.503376
56941.9 34605.656250    45.391468
57013.7 39423.523438    45.957558
57085.5 31241.261719    44.947285
57157.3 28227.011719    44.506649
57229.1 10274.055664    40.117420
57300.9 25847.046875    44.124107
57372.7 30755.732422    44.879261
57444.5 44345.917969    46.468536
57516.3 49813.429688    46.973465
57588.1 70228.070312    48.465111
57659.9 61800.671875    47.909931
57731.8 46049.261719    46.632229
57803.6 20302.732422    43.075546
57875.4 4670.536133     36.693668
57947.2 1519.300781     31.816437
58019.0 20576.490234    43.133713
58090.8 40980.269531    46.125748
58162.6 50047.640625    46.993835
58234.4 56572.671875    47.526070
58306.2 38355.140625    45.838238
58378.0 46046.433594    46.631962
58449.8 47401.066406    46.757881
58521.6 38444.011719    45.848289
58593.4 23946.716797    43.792458
58665.2 27145.021484    44.336899
58737.0 31393.537109    44.968407
58808.8 43146.160156    46.349419
58880.6 48469.640625    46.854698
58952.4 54206.660156    47.340527
59024.3 67267.593750    48.278061
59096.1 45645.167969    46.593948
59167.9 32140.449219    45.070518
59239.7 11630.351562    40.655930
59311.5 4820.971680     36.831345
59383.3 4059.113281     36.084312
59455.1 29076.576172    44.635433
59526.9 44245.042969    46.458645
59598.7 58550.765625    47.675323
59670.5 55941.972656    47.477379
59742.3 44905.746094    46.523018
59814.1 55225.117188    47.421364
59885.9 41123.445312    46.140896
59957.7 35143.558594    45.458454
60029.5 13298.662109    41.238079
60101.3 34898.269531    45.428040
60173.1 34090.132812    45.326286
60245.0 44356.308594    46.469555
60316.8 42478.042969    46.281643
60388.6 56351.726562    47.509075
60460.4 58908.972656    47.701817
60532.2 39200.785156    45.932945
60604.0 30063.986328    44.780464
60675.8 14214.908203    41.527443
60747.6 11825.946289    40.728359
60819.4 8555.576172     39.322495
60891.2 44367.855469    46.470684
60963.0 53907.117188    47.316460
61034.8 68626.492188    48.364914
61106.6 51002.308594    47.075897
61178.4 47489.003906    46.765934
61250.2 47649.710938    46.780602
61322.0 30204.849609    44.800766
61393.8 21191.613281    43.261642
61465.6 18474.464844    42.665718
61537.5 26228.228516    44.187691
61609.3 30635.367188    44.862232
61681.1 40073.246094    46.028549
61752.9 46212.707031    46.647614
61824.7 68169.140625    48.335876
61896.5 57126.582031    47.568382
61968.3 43124.074219    46.347198
62040.1 27511.294922    44.395107
62111.9 7603.252441     38.809994
62183.7 9626.535156     39.834702
62255.5 29028.160156    44.628197
62327.3 52236.472656    47.179737
62399.1 60356.859375    47.807266
62470.9 61293.234375    47.874126
62542.7 39120.875000    45.924088
62614.5 47160.187500    46.735756
62686.3 42493.066406    46.283180
62758.1 30460.013672    44.837303
62830.0 11727.953125    40.692223
62901.8 21476.337891    43.319603
62973.6 20944.035156    43.210602
63045.4 35239.011719    45.470238
63117.2 49475.347656    46.943890
63189.0 60152.246094    47.792519
63260.8 74189.414062    48.703419
63332.6 49467.277344    46.943176
63404.4 37808.292969    45.775871
63476.2 15589.283203    41.928261
63548.0 5439.159180     37.355316
63619.8 3110.744629     34.928642
63691.6 38669.101562    45.873642
63763.4 46199.203125    46.646347
63835.2 57795.406250    47.618935
63907.0 48873.800781    46.890759
63978.8 41689.652344    46.200287
64050.7 57191.855469    47.573341
64122.5 41896.121094    46.221737
64194.3 35478.207031    45.499615
64266.1 5101.313477     37.076820
64337.9 24323.257812    43.860214
64409.7 25316.980469    44.034119
64481.5 46216.312500    46.647953
64553.3 52602.714844    47.210083
64625.1 67827.742188    48.314075
64696.9 62402.761719    47.952038
64768.7 39083.968750    45.919987
64840.5 28689.152344    44.577179
64912.3 14477.303711    41.606880
64984.1 11038.808594    40.429222
65055.9 8840.203125     39.464622
65127.7 40757.722656    46.102100
65199.5 44947.875000    46.527092
65271.3 58872.957031    47.699162
65343.2 46525.339844    46.676899
65415.0 53326.093750    47.269398
65486.8 58084.195312    47.640579
65558.6 38471.449219    45.851383
65630.4 25443.201172    44.055717
65702.2 17828.634766    42.511181
65774.0 24517.896484    43.894836
65845.8 32573.746094    45.128677
65917.6 46680.582031    46.691360
65989.4 49192.328125    46.918976
66061.2 67014.710938    48.261700
66133.0 49272.410156    46.926037
66204.8 37067.171875    45.689892
66276.6 31488.740234    44.981552
66348.4 15858.665039    42.002670
66420.2 15481.479492    41.898125
66492.0 22849.568359    43.588783
66563.9 44740.433594    46.507000
66635.7 52999.363281    47.242706
66707.5 58234.312500    47.651791
66779.3 44637.011719    46.496948
66851.1 58196.394531    47.648960
66922.9 46398.976562    46.665081
66994.7 34075.273438    45.324394
67066.5 9538.416992     39.794762
67138.3 20400.150391    43.096333
67210.1 17222.429688    42.360947
67281.9 32576.234375    45.129009
67353.7 44211.894531    46.455391
67425.5 54640.355469    47.375137
67497.3 67426.960938    48.288338
67569.1 43869.054688    46.421585
67640.9 41055.562500    46.133720
67712.7 29159.199219    44.647755
67784.5 17839.294922    42.513775
67856.4 7677.632812     38.852272
67928.2 38888.976562    45.898266
68000.0 44441.769531    46.477913
68071.8 57018.792969    47.560181
68143.6 47751.992188    46.789913
68215.4 43255.957031    46.360458
68287.2 58390.066406    47.663387
68359.0 38355.089844    45.838234
68430.8 30591.935547    44.856071
68502.6 4710.399902     36.730579
68574.4 13741.866211    41.380459
68646.2 13564.604492    41.324074
68718.0 36870.585938    45.666801
68789.8 48064.808594    46.818272
68861.6 67685.671875    48.304970
68933.4 63660.960938    48.038731
69005.2 42948.011719    46.329430
69077.0 39903.257812    46.010086
69148.9 20781.939453    43.176861
69220.7 18421.242188    42.653191
69292.5 10206.277344    40.088673
69364.3 39455.480469    45.961075
69436.1 41549.402344    46.185646
69507.9 53129.152344    47.253326
69579.7 39945.527344    46.014679
69651.5 51434.585938    47.112549
69723.3 58209.671875    47.649952
69795.1 39788.667969    45.997597
69866.9 29877.292969    44.753414
69938.7 5434.770996     37.351814
70010.5 8726.332031     39.408318
70082.3 20796.527344    43.179909
70154.1 45970.886719    46.624828
70225.9 52061.742188    47.165188
70297.7 70721.382812    48.495506
70369.5 49005.824219    46.902473
70441.4 38784.371094    45.886570
70513.2 34907.625000    45.429199
70585.0 19456.275391    42.890594
70656.8 18531.839844    42.679184
70728.6 17510.453125    42.432976
70800.4 32532.486328    45.123173
70872.2 41309.734375    46.160526
70944.0 48726.003906    46.877609
71015.8 43166.039062    46.351425
71087.6 64649.097656    48.105625
71159.4 54750.726562    47.383900
71231.2 41505.652344    46.181072
71303.0 18202.150391    42.601227
71374.8 9765.238281     39.896828
71446.6 6464.403320     38.105286
71518.4 28552.476562    44.556435
71590.2 44095.636719    46.443958
71662.1 54737.757812    47.382870
71733.9 63859.812500    48.052277
71805.7 39265.714844    45.940136
71877.5 41180.425781    46.146908
71949.3 36196.410156    45.586655
72021.1 26554.427734    44.241371
72092.9 14578.071289    41.637001
72164.7 25880.107422    44.129662
72236.5 30576.697266    44.853905
72308.3 47442.820312    46.761703
72380.1 47408.808594    46.758591
72451.9 50066.148438    46.995438
72523.7 66698.890625    48.241188
72595.5 45068.960938    46.538776
72667.3 36837.039062    45.662846
72739.1 8765.872070     39.427952
72810.9 7621.285645     38.820282
72882.8 9886.476562     39.950417
72954.6 31231.408203    44.945915
73026.4 40201.789062    46.042450
73098.2 59507.210938    47.745697
73170.0 55555.792969    47.447296
73241.8 40391.484375    46.062897
73313.6 48786.628906    46.883007
73385.4 34022.406250    45.317650
73457.2 31641.380859    45.002556
