0.0     1.000000        0.000000
71.8    1.000000        0.000000
143.6   1.000000        0.000000
215.4   1.000000        0.000000
287.2   1.000000        0.000000
359.0   1.000000        0.000000
430.8   1.000000        0.000000
502.6   1.000000        0.000000
574.4   1.000000        0.000000
646.3   1.000000        0.000000
718.1   1.000000        0.000000
789.9   1.000000        0.000000
861.7   1.000000        0.000000
933.5   1.000000        0.000000
1005.3  12048.744141    40.809418
1077.1  8398.870117     39.242207
1148.9  9796.697266     39.910797
1220.7  12971.004883    41.129738
1292.5  10388.738281    40.165630
1364.3  8334.373047     39.208729
1436.1  12330.173828    40.909691
1507.9  10183.176758    40.078831
1579.7  11215.848633    40.498322
1651.5  11462.110352    40.592648
1723.3  13050.899414    41.156406
1795.1  10427.938477    40.181984
1866.9  10090.724609    40.039223
1938.8  11995.200195    40.790077
2010.6  10094.138672    40.040695
2082.4  11612.164062    40.649132
2154.2  10809.976562    40.338249
2226.0  12555.217773    40.988243
2297.8  12130.735352    40.838871
2369.6  11121.587891    40.461670
2441.4  10815.913086    40.340633
2513.2  11968.433594    40.780373
2585.0  11933.780273    40.767780
2656.8  8996.891602     39.540924
2728.6  11747.729492    40.699539
2800.4  12563.582031    40.991135
2872.2  10090.948242    40.039322
2944.0  8312.134766     39.197124
3015.8  13861.203125    41.418007
3087.6  10460.288086    40.195435
3159.4  7973.617676     39.016556
3231.3  12299.152344    40.898750
3303.1  12884.928711    41.100822
3374.9  8693.260742     39.391827
3446.7  9048.972656     39.565994
3518.5  15185.974609    41.814426
3590.3  8207.974609     39.142361
3662.1  8281.578125     39.181129
3733.9  12741.338867    41.052151
3805.7  12697.415039    41.037155
3877.5  6733.951172     38.282700
3949.3  11613.817383    40.649750
4021.1  14549.222656    41.628399
4092.9  7499.877441     38.750542
4164.7  9500.311523     39.777378
4236.5  13531.149414    41.313347
4308.3  11521.254883    40.614998
4380.1  6484.111816     38.118507
4452.0  13841.671875    41.411888
4523.8  12423.380859    40.942398
4595.6  8118.689941     39.094860
4667.4  10439.122070    40.186638
4739.2  13765.642578    41.387962
4811.0  9349.531250     39.707901
4882.8  8119.452148     39.095268
4954.6  14279.511719    41.547131
5026.4  10188.544922    40.081120
5098.2  9300.608398     39.685112
5170.0  11000.096680    40.413967
5241.8  12957.610352    41.125252
5313.6  8749.512695     39.419838
5385.4  10467.459961    40.198410
5457.2  13604.296875    41.336761
5529.0  10060.488281    40.026192
5600.8  10438.016602    40.186180
5672.6  11138.935547    40.468437
5744.5  11989.722656    40.788094
5816.3  9783.610352     39.904991
5888.1  11270.527344    40.519444
5959.9  11249.042969    40.511154
6031.7  11312.941406    40.535755
6103.5  10889.585938    40.370110
6175.3  10503.469727    40.213326
6247.1  11226.363281    40.502392
6318.9  11465.175781    40.593803
6390.7  11371.106445    40.558029
6462.5  9387.544922     39.725521
6534.3  13305.655273    41.240364
6606.1  10300.728516    40.128677
6677.9  9949.950195     39.978210
6749.7  11501.281250    40.607460
6821.5  12709.823242    41.041393
6893.3  9739.973633     39.885578
6965.1  9594.995117     39.820446
7037.0  14455.980469    41.600475
7108.8  8992.094727     39.538609
7180.6  9527.616211     39.789845
7252.4  12581.840820    40.997444
7324.2  12693.382812    41.035774
7396.0  7331.192383     38.651745
7467.8  12130.265625    40.838703
7539.6  14023.416016    41.468540
7611.4  7867.214844     38.958210
7683.2  9767.944336     39.898029
7755.0  14018.111328    41.466896
7826.8  11180.168945    40.484486
7898.6  6398.051758     38.060478
7970.4  14259.451172    41.541027
8042.2  12276.025391    40.890579
8114.0  7616.398438     38.817497
8185.8  10701.023438    40.294250
8257.7  14610.183594    41.646557
8329.5  8930.967773     39.508984
8401.3  8041.052246     39.053127
8473.1  15028.544922    41.769173
8544.9  10213.661133    40.091816
8616.7  8226.992188     39.152409
8688.5  11850.972656    40.737537
8760.3  13916.357422    41.435257
8832.1  7564.066895     38.787552
8903.9  10546.543945    40.231102
8975.7  14357.524414    41.570797
9047.5  9565.938477     39.807278
9119.3  9568.833984     39.808590
9191.1  12239.378906    40.877594
9262.9  12443.121094    40.949291
9334.7  8463.778320     39.275642
9406.5  12357.693359    40.919376
9478.3  12124.853516    40.836761
9550.2  10616.662109    40.259880
9622.0  10321.835938    40.137566
9693.8  12258.888672    40.884510
9765.6  10398.029297    40.169510
9837.4  9003.991211     39.544350
9909.2  97391.546875    49.885212
9981.0  178627.046875   52.519474
10052.8 72634.976562    48.611458
10124.6 12175.905273    40.855011
10196.4 11330.493164    40.542488
10268.2 10600.379883    40.253216
10340.0 12723.287109    41.045994
10411.8 11273.892578    40.520741
10483.6 10208.616211    40.089668
10555.4 13453.983398    41.288509
10627.2 9959.373047     39.982319
10699.0 10752.948242    40.315277
10770.8 11936.890625    40.768913
10842.7 13093.895508    41.170689
10914.5 8727.882812     39.409088
10986.3 12346.970703    40.915604
11058.1 13278.111328    41.231365
11129.9 9198.713867     39.637268
11201.7 9843.891602     39.931671
11273.5 14241.054688    41.535419
11345.3 11575.541992    40.635414
11417.1 7068.104004     38.493031
11488.9 14401.036133    41.583939
11560.7 12291.935547    40.896202
11632.5 8039.720215     39.052410
11704.3 10491.102539    40.208210
11776.1 15380.846680    41.869804
11847.9 9049.353516     39.566177
11919.7 8367.474609     39.225945
11991.5 15625.205078    41.938255
12063.4 10798.247070    40.333534
12135.2 7738.838867     38.886757
12207.0 12432.596680    40.945621
12278.8 14711.227539    41.676487
12350.6 6643.157715     38.223747
12422.4 10949.114258    40.393791
12494.2 15207.261719    41.820511
12566.0 9167.811523     39.622658
12637.8 8863.908203     39.476250
12709.6 13967.748047    41.451263
12781.4 12895.861328    41.104504
12853.2 7091.612305     38.507450
12925.0 13424.532227    41.278992
12996.8 13204.024414    41.207066
13068.6 9196.566406     39.636257
13140.4 10162.288086    40.069916
13212.2 14372.235352    41.575241
13284.0 10388.674805    40.165600
13355.9 9642.380859     39.841843
13427.7 14517.646484    41.618961
13499.5 10824.855469    40.344219
13571.3 10792.506836    40.331226
13643.1 10986.666992    40.408661
13714.9 13802.846680    41.399689
13786.7 9072.532227     39.577286
13858.5 12427.867188    40.943966
13930.3 13054.826172    41.157715
14002.1 10089.106445    40.038528
14073.9 12257.373047    40.883976
14145.7 11661.882812    40.667686
14217.5 12010.784180    40.795712
14289.3 10644.910156    40.271420
14361.1 13680.801758    41.361118
14432.9 10346.332031    40.147861
14504.7 11629.986328    40.655792
14576.5 12806.175781    41.074196
14648.4 11441.101562    40.584679
14720.2 9818.882812     39.920620
14792.0 13977.146484    41.454185
14863.8 12902.270508    41.106663
14935.6 8349.027344     39.216358
15007.4 13941.574219    41.443119
15079.2 12655.589844    41.022827
15151.0 9754.960938     39.892258
15222.8 9726.098633     39.879387
15294.6 15979.333008    42.035583
15366.4 10200.276367    40.086121
15438.2 8324.670898     39.203671
15510.0 15391.882812    41.872917
15581.8 11828.371094    40.729252
15653.6 8143.776367     39.108257
15725.4 12368.950195    40.923328
15797.2 15804.411133    41.987782
15869.1 7053.657227     38.484146
15940.9 11036.828125    40.428444
16012.7 15880.301758    42.008587
16084.5 9928.362305     39.968777
16156.3 7714.157715     38.872887
16228.1 15111.250000    41.793003
16299.9 14019.310547    41.467266
16371.7 5798.490234     37.633148
16443.5 13904.764648    41.431637
16515.3 14541.542969    41.626106
16587.1 8482.696289     39.285339
16658.9 9435.312500     39.747562
16730.7 16686.673828    42.223698
16802.5 10581.920898    40.245647
16874.3 8406.763672     39.246288
16946.1 15792.516602    41.984516
17017.9 12456.291992    40.953888
17089.7 8575.864258     39.332779
17161.6 11571.161133    40.633770
17233.4 16265.106445    42.112572
17305.2 7400.466797     38.692593
17377.0 11810.338867    40.722622
17448.8 15078.958984    41.783714
17520.6 10489.000977    40.207344
17592.4 10015.642578    40.006790
17664.2 13629.331055    41.344749
17736.0 13987.633789    41.457443
17807.8 8822.220703     39.455780
17879.6 14287.564453    41.549583
17951.4 13118.945312    41.178989
18023.2 10301.958008    40.129200
18095.0 11665.447266    40.669014
18166.8 14202.644531    41.523689
18238.6 10195.004883    40.083878
18310.4 12805.729492    41.074043
18382.2 14503.088867    41.614605
18454.1 10265.284180    40.113712
18525.9 11914.212891    40.760654
18597.7 13211.719727    41.209595
18669.5 12946.322266    41.121464
18741.3 8584.467773     39.337135
18813.1 15945.914062    42.026497
18884.9 12655.369141    41.022751
18956.7 8525.211914     39.307053
19028.5 14217.729492    41.528301
19100.3 13529.852539    41.312935
19172.1 10228.396484    40.098076
19243.9 11080.997070    40.445789
19315.7 16938.214844    42.288673
19387.5 9320.220703     39.694260
19459.3 9878.241211     39.946796
19531.1 15756.602539    41.974625
19602.9 12160.623047    40.849556
19674.8 7292.650391     38.628853
19746.6 15236.931641    41.828976
19818.4 15728.558594    41.966892
19890.2 5944.869141     37.741425
19962.0 13189.365234    41.202240
20033.8 16057.212891    42.056702
20105.6 9870.136719     39.943233
20177.4 7439.602051     38.715496
20249.2 18185.673828    42.597294
20321.0 12014.308594    40.796986
20392.8 6312.493164     38.002010
20464.6 15728.849609    41.966969
20536.4 14662.187500    41.661987
20608.2 7190.890625     38.567825
20680.0 11080.551758    40.445614
20751.8 18921.703125    42.769604
20823.6 7609.032227     38.813293
20895.4 10248.235352    40.106491
20967.3 16558.646484    42.190247
21039.1 12440.548828    40.948395
21110.9 6796.768066     38.323025
21182.7 14996.639648    41.759941
21254.5 16465.523438    42.165756
21326.3 6309.741699     38.000114
21398.1 13696.651367    41.366142
21469.9 16093.039062    42.066383
21541.7 9917.890625     39.964195
21613.5 9496.413086     39.775597
21685.3 17054.912109    42.318497
21757.1 12198.308594    40.862995
21828.9 10150.191406    40.064739
21900.7 15293.936523    41.845192
21972.5 13813.998047    41.403194
22044.3 9103.679688     39.592171
22116.1 13152.000977    41.189919
22187.9 16712.898438    42.230515
22259.8 8101.697266     39.085762
22331.6 14299.777344    41.553291
22403.4 15208.343750    41.820824
22475.2 10468.655273    40.198906
22547.0 11325.833008    40.540699
22618.8 15282.740234    41.842010
22690.6 14101.850586    41.492764
22762.4 8720.787109     39.405556
22834.2 16927.712891    42.285980
22906.0 12925.463867    41.114464
22977.8 9090.787109     39.586014
23049.6 14711.433594    41.676552
23121.4 15193.782227    41.816658
23193.2 9407.091797     39.734554
23265.0 13683.765625    41.362057
23336.8 17346.154297    42.392029
23408.6 8786.895508     39.438354
23480.5 10733.857422    40.307560
23552.3 16557.269531    42.189888
23624.1 13494.075195    41.301430
23695.9 5299.010254     37.241947
23767.7 18252.515625    42.613224
23839.5 15787.429688    41.983112
23911.3 6793.795410     38.321125
23983.1 13766.122070    41.388115
24054.9 16750.248047    42.240215
24126.7 8922.616211     39.504921
24198.5 8342.282227     39.212849
24270.3 20197.587891    43.052994
24342.1 9882.029297     39.948460
24413.9 7420.253418     38.704189
24485.7 16935.521484    42.287983
24557.5 16120.540039    42.073792
24629.3 4626.625977     36.652645
24701.1 14516.145508    41.618515
24773.0 19311.585938    42.858181
24844.8 5957.091309     37.750343
24916.6 11004.714844    40.415787
24988.4 17912.380859    42.531532
25060.2 12226.770508    40.873116
25132.0 5374.566406     37.303432
25203.8 18542.345703    42.681648
25275.6 15518.091797    41.908382
25347.4 6608.712891     38.201172
25419.2 14357.801758    41.570877
25491.0 17968.574219    42.545135
25562.8 8152.545410     39.112934
25634.6 11146.328125    40.471321
25706.4 19765.652344    42.959114
25778.2 10296.603516    40.126938
25850.0 11209.510742    40.495869
25921.8 16514.060547    42.178539
25993.7 14761.059570    41.691174
26065.5 7271.667969     38.616341
26137.3 15831.434570    41.995201
26209.1 18446.591797    42.659164
26280.9 6612.808105     38.203857
26352.7 15086.176758    41.785793
26424.5 16390.902344    42.146030
26496.3 11089.787109    40.449234
26568.1 11499.954102    40.606960
26639.9 17737.207031    42.488853
26711.7 14079.451172    41.485859
26783.5 10398.855469    40.169853
26855.3 17480.281250    42.425484
26927.1 13673.361328    41.358753
26998.9 8669.212891     39.379799
27070.7 16110.126953    42.070992
27142.5 17708.902344    42.481918
27214.3 7583.089844     38.798462
27286.2 16086.751953    42.064686
27358.0 17085.261719    42.326218
27429.8 10259.917969    40.111435
27501.6 10650.363281    40.273643
27573.4 19017.294922    42.791485
27645.2 14430.567383    41.592834
27717.0 5325.846680     37.263885
27788.8 20297.945312    43.074524
27860.6 13932.038086    41.440147
27932.4 7138.454102     38.536041
28004.2 14678.965820    41.666954
28076.0 19569.423828    42.915779
28147.8 8378.689453     39.231762
28219.6 11869.841797    40.744446
28291.4 21184.843750    43.260254
28363.2 10048.735352    40.021114
28435.0 7217.010742     38.583572
28506.8 18585.583984    42.691761
28578.7 16926.666016    42.285713
28650.5 2573.241699     34.104805
28722.3 18120.277344    42.581650
28794.1 18887.119141    42.761654
28865.9 5528.275879     37.425896
28937.7 11237.756836    40.506798
29009.5 21067.980469    43.236229
29081.3 11584.052734    40.638603
29153.1 7273.278809     38.617302
29224.9 21585.925781    43.341709
29296.7 14491.230469    41.611053
29368.5 6563.558594     38.171394
29440.3 15476.010742    41.896591
29512.1 19976.023438    43.005089
29583.9 5433.711914     37.350967
29655.7 14077.112305    41.485138
29727.5 21860.386719    43.396576
29799.4 8594.143555     39.342026
29871.2 11038.956055    40.429283
29943.0 18155.613281    42.590107
30014.8 16306.495117    42.123608
30086.6 6560.728027     38.169521
30158.4 18493.785156    42.670258
30230.2 18840.203125    42.750854
30302.0 6919.939453     38.401024
30373.8 15161.055664    41.807293
30445.6 18174.529297    42.594635
30517.4 10830.409180    40.346451
30589.2 13408.466797    41.273788
30661.0 20555.457031    43.129272
30732.8 12767.832031    41.061172
30804.6 12278.119141    40.891319
30876.4 17348.335938    42.392578
30948.2 16237.132812    42.105095
31020.0 6790.978027     38.319324
31091.9 19041.638672    42.797043
31163.7 19041.578125    42.797031
31235.5 6149.717773     37.888550
31307.3 17904.712891    42.529675
31379.1 17243.996094    42.366379
31450.9 12214.496094    40.868755
31522.7 10872.112305    40.363140
31594.5 22030.326172    43.430210
31666.3 14391.161133    41.580959
31738.1 8147.059570     39.110008
31809.9 21083.167969    43.239361
31881.7 14975.534180    41.753822
31953.5 7249.191406     38.602898
32025.3 17665.806641    42.471333
32097.1 21532.386719    43.330921
32168.9 7526.292480     38.765812
32240.7 15278.185547    41.840714
32312.5 21311.660156    43.286171
32384.4 10740.875000    40.310398
32456.2 6718.531250     38.272743
32528.0 22701.529297    43.560555
32599.8 17268.724609    42.372604
32671.6 2478.681885     33.942207
32743.4 20839.072266    43.188782
32815.2 18482.541016    42.667618
32887.0 5700.178711     37.558884
32958.8 12361.086914    40.920567
33030.6 24516.667969    43.894615
33102.4 10033.256836    40.014420
33174.2 10362.519531    40.154652
33246.0 23841.648438    43.773365
33317.8 13876.848633    41.422913
33389.6 5698.831543     37.557858
33461.4 18003.822266    42.553650
33533.2 22608.568359    43.542728
33605.1 2438.111816     33.870537
33676.9 17006.060547    42.306038
33748.7 22612.699219    43.543526
33820.5 8719.835938     39.405083
33892.3 10475.623047    40.201797
33964.1 21520.865234    43.328594
34035.9 16629.160156    42.208706
34107.7 9154.436523     39.616314
34179.5 21493.750000    43.323120
34251.3 18270.052734    42.617397
34323.1 8301.050781     39.191330
34394.9 15486.819336    41.899624
34466.7 22276.732422    43.478512
34538.5 8492.497070     39.290356
34610.3 16890.357422    42.276386
34682.1 22032.992188    43.430733
34753.9 11996.802734    40.790653
34825.7 12771.803711    41.062523
34897.6 18476.261719    42.666138
34969.4 19408.902344    42.880013
35041.2 6164.681152     37.899105
35113.0 22029.785156    43.430103
35184.8 19033.283203    42.795139
35256.6 7533.367188     38.769890
35328.4 17428.062500    42.412491
35400.2 19063.771484    42.802086
35472.0 13378.139648    41.263958
35543.8 14490.336914    41.610786
35615.6 23607.847656    43.730564
35687.4 13862.381836    41.418381
35759.2 11292.348633    40.527843
35831.0 21170.925781    43.257401
35902.8 17086.238281    42.326466
35974.6 6223.415039     37.940289
36046.4 22305.568359    43.484135
36118.2 21385.111328    43.301117
36190.1 6032.050293     37.804649
36261.9 17224.052734    42.361355
36333.7 21484.298828    43.321213
36405.5 12664.489258    41.025879
36477.3 8007.782715     39.035122
36549.1 26822.341797    44.284969
36620.9 15504.681641    41.904633
36692.7 5253.288574     37.204315
36764.5 22652.837891    43.551224
36836.3 19253.013672    42.844986
36908.1 6539.980957     38.155766
36979.9 16583.560547    42.196777
37051.7 27235.669922    44.351383
37123.5 6651.483887     38.229183
37195.3 13259.724609    41.225349
37267.1 24291.517578    43.854546
37338.9 14896.814453    41.730934
37410.8 5091.183105     37.068188
37482.6 23223.890625    43.659348
37554.4 22844.804688    43.587875
37626.2 3185.272949     35.031467
37698.0 19480.117188    42.895920
37769.8 22633.201172    43.547459
37841.6 9800.391602     39.912434
37913.4 11066.404297    40.440063
37985.2 27021.292969    44.317059
38057.0 14359.544922    41.571407
38128.8 12264.631836    40.886543
38200.6 22712.144531    43.562584
38272.4 19126.480469    42.816353
38344.2 7780.291504     38.909958
38416.0 17856.708984    42.518013
38487.8 25914.742188    44.135471
38559.6 5564.645996     37.454376
38631.4 19428.025391    42.884289
38703.3 22023.154297    43.428795
38775.1 13776.616211    41.391426
38846.9 12148.433594    40.845203
38918.7 22258.630859    43.474983
38990.5 20380.980469    43.092251
39062.3 10323.386719    40.138222
39134.1 23037.605469    43.624374
39205.9 19725.531250    42.950287
39277.7 10360.652344    40.153870
39349.5 18351.707031    42.636765
39421.3 22745.312500    43.568920
39493.1 12702.135742    41.038765
39564.9 19760.498047    42.957977
39636.7 23171.927734    43.649620
39708.5 13579.117188    41.328716
39780.3 13044.997070    41.154442
39852.1 22993.316406    43.616020
39923.9 20117.341797    43.035706
39995.8 5461.971191     37.373497
40067.6 25854.412109    44.125347
40139.4 19810.816406    42.969021
40211.2 7736.866699     38.885651
40283.0 18778.527344    42.736618
40354.8 23683.587891    43.744473
40426.6 14316.633789    41.558411
40498.4 12686.195312    41.033318
40570.2 28137.744141    44.492893
40642.0 12487.593750    40.964790
40713.8 9028.973633     39.556385
40785.6 23425.947266    43.696972
40857.4 21387.533203    43.301605
40929.2 5805.004883     37.638023
41001.0 21885.908203    43.401646
41072.8 26343.253906    44.206696
41144.6 5597.570801     37.479996
41216.5 15428.557617    41.883255
41288.3 25533.984375    44.071190
41360.1 16672.962891    42.220131
41431.9 6150.849121     37.889351
41503.7 28328.642578    44.522255
41575.5 19206.093750    42.834393
41647.3 6885.276855     38.379215
41719.1 20388.095703    43.093765
41790.9 24710.003906    43.928726
41862.7 8347.648438     39.215641
41934.5 14994.123047    41.759209
42006.3 30223.720703    44.803482
42078.1 10741.431641    40.310623
42149.9 14000.833008    41.461540
42221.7 22870.380859    43.592735
42293.5 21455.810547    43.315449
42365.3 6175.682617     37.906849
42437.1 22815.492188    43.582298
42509.0 26303.595703    44.200153
42580.8 8097.709473     39.083622
42652.6 19653.695312    42.934441
42724.4 23556.025391    43.721016
42796.2 15294.790039    41.845436
42868.0 13473.453125    41.294788
42939.8 26359.511719    44.209373
43011.6 18934.951172    42.772640
43083.4 15209.771484    41.821228
43155.2 21882.113281    43.400894
43227.0 21127.750000    43.248535
43298.8 11074.745117    40.443340
43370.6 21073.781250    43.237423
43442.4 25543.427734    44.072792
43514.2 9849.195312     39.934010
43586.0 22493.167969    43.520508
43657.8 21651.896484    43.354958
43729.6 16166.561523    42.086178
43801.5 14555.950195    41.630405
43873.3 25873.337891    44.128525
43945.1 21748.148438    43.374222
44016.9 10500.327148    40.212029
44088.7 26107.533203    44.167656
44160.5 18065.998047    42.568623
44232.3 11935.547852    40.768425
44304.1 20973.351562    43.216675
44375.9 25863.724609    44.126911
44447.7 12931.817383    41.116596
44519.5 19961.609375    43.001957
44591.3 27039.064453    44.319916
44663.1 13272.733398    41.229607
44734.9 12980.627930    41.132957
44806.7 26487.167969    44.230354
44878.5 22371.539062    43.496956
44950.3 4882.299805     36.886246
45022.2 27574.878906    44.405136
45094.0 22711.691406    43.562492
45165.8 9486.166992     39.770908
45237.6 17286.261719    42.377010
45309.4 28902.781250    44.609394
45381.2 14950.475586    41.746552
45453.0 11431.402344    40.580997
45524.8 30620.357422    44.860100
45596.6 16071.911133    42.060677
45668.4 10112.098633    40.048412
45740.2 22125.621094    43.448952
45812.0 27158.478516    44.339058
45883.8 6118.309082     37.866314
45955.6 20770.033203    43.174370
46027.4 29515.382812    44.700485
46099.2 10994.886719    40.411907
46171.0 14260.083008    41.541218
46242.8 26118.943359    44.169556
46314.7 21944.744141    43.413307
46386.5 7910.778320     38.982193
46458.3 26754.363281    44.273949
46530.1 23279.357422    43.669708
46601.9 11763.629883    40.705414
46673.7 18337.421875    42.633381
46745.5 26817.037109    44.284111
46817.3 14195.997070    41.521660
46889.1 17805.085938    42.505440
46960.9 29146.949219    44.645927
47032.7 16014.544922    42.045143
47104.5 17752.429688    42.492577
47176.3 21818.894531    43.388329
47248.1 24604.652344    43.910175
47319.9 10700.950195    40.294224
47391.7 24740.867188    43.934151
47463.5 25675.802734    44.095238
47535.4 12837.917969    41.084946
47607.2 22241.880859    43.471714
47679.0 22088.048828    43.441574
47750.8 19004.093750    42.788471
47822.6 17033.244141    42.312973
47894.4 27242.033203    44.352394
47966.2 19139.703125    42.819351
48038.0 17937.800781    42.537693
48109.8 24317.521484    43.859192
48181.6 20466.093750    43.110352
48253.4 14136.437500    41.503403
48325.2 25023.492188    43.983479
48397.0 25796.689453    44.115639
48468.8 11381.598633    40.562035
48540.6 24728.087891    43.931904
48612.4 24205.406250    43.839127
48684.2 17217.951172    42.359814
48756.0 15050.796875    41.775593
48827.9 29726.218750    44.731400
48899.7 19975.636719    43.005009
48971.5 11313.895508    40.536121
49043.3 29019.716797    44.626930
49115.1 20233.703125    43.060757
49186.9 12688.304688    41.034035
49258.7 21097.908203    43.242393
49330.5 30360.855469    44.823143
49402.3 12150.569336    40.845966
49474.1 19110.964844    42.812824
49545.9 29808.875000    44.743458
49617.7 16145.620117    42.080544
49689.5 12297.910156    40.898315
49761.3 27323.345703    44.365341
49833.1 26495.078125    44.231651
49904.9 6955.830078     38.423492
49976.7 26424.466797    44.220062
50048.5 26399.812500    44.216007
50120.4 13130.712891    41.182884
50192.2 16158.907227    42.084122
50264.0 30737.039062    44.876617
50335.8 18212.158203    42.603611
50407.6 14086.892578    41.488152
50479.4 30640.378906    44.862942
50551.2 20647.589844    43.148693
50623.0 14252.955078    41.539047
50694.8 21092.582031    43.241295
50766.6 30494.601562    44.842228
50838.4 11017.597656    40.420872
50910.2 22209.939453    43.465477
50982.0 28788.664062    44.592213
51053.8 16628.646484    42.208565
51125.6 17506.826172    42.432076
51197.4 24562.511719    43.902725
51269.2 25359.859375    44.041466
51341.1 13896.187500    41.428955
51412.9 27025.791016    44.317783
51484.7 23497.513672    43.710217
51556.5 17486.191406    42.426952
51628.3 20666.509766    43.152672
51700.1 26022.042969    44.153412
51771.9 18014.576172    42.556236
51843.7 22657.216797    43.552063
51915.5 27454.511719    44.386139
51987.3 17714.242188    42.483223
52059.1 21541.562500    43.332771
52130.9 22925.410156    43.603172
52202.7 23799.298828    43.765640
52274.5 15015.666016    41.765446
52346.3 29876.990234    44.753372
52418.1 24694.171875    43.925941
52489.9 15816.390625    41.991074
52561.7 26129.390625    44.171295
52633.6 23998.466797    43.801838
52705.4 18967.640625    42.780132
52777.2 19653.308594    42.934357
52849.0 30348.304688    44.821342
52920.8 17433.382812    42.413818
52992.6 18581.576172    42.690826
53064.4 28233.585938    44.507660
53136.2 21045.486328    43.231586
53208.0 14571.574219    41.635063
53279.8 27448.964844    44.385262
53351.6 27810.339844    44.442062
53423.4 10249.390625    40.106979
53495.2 25238.765625    44.020683
53567.0 27702.242188    44.425148
53638.8 16549.771484    42.187920
53710.6 15077.459961    41.783279
53782.4 32624.472656    45.135437
53854.2 22178.857422    43.459393
53926.1 11572.229492    40.634171
53997.9 29405.095703    44.684223
54069.7 24259.082031    43.848743
54141.5 14038.639648    41.473251
54213.3 20120.615234    43.036415
54285.1 32558.353516    45.126625
54356.9 12122.105469    40.835781
54428.7 19159.261719    42.823788
54500.5 30162.166016    44.794624
54572.3 20588.027344    43.136147
54644.1 14816.740234    41.707527
54715.9 26456.414062    44.225311
54787.7 28927.064453    44.613041
54859.5 11096.087891    40.451698
54931.3 26376.623047    44.212193
55003.1 27593.867188    44.408127
55074.9 18582.478516    42.691036
55146.8 16878.089844    42.273235
55218.6 29563.015625    44.707489
55290.4 20748.384766    43.169842
55362.2 19318.363281    42.859703
55434.0 29219.232422    44.656685
55505.8 23800.345703    43.765831
55577.6 18725.835938    42.724415
55649.4 22036.720703    43.431469
55721.2 29488.779297    44.696571
55793.0 15156.984375    41.806129
55864.8 26250.603516    44.191395
55936.6 26433.197266    44.221497
56008.4 19054.625000    42.800003
56080.2 22440.394531    43.510303
56152.0 26217.699219    44.185944
56223.8 24054.929688    43.812042
56295.6 17799.175781    42.504002
56367.4 29556.656250    44.706554
56439.2 21765.564453    43.377701
56511.1 18667.171875    42.710785
56582.9 26423.894531    44.219971
56654.7 26586.974609    44.246689
56726.5 17886.601562    42.525276
56798.3 26126.349609    44.170792
56870.1 28884.326172    44.606625
56941.9 16279.754883    42.116478
57013.7 23063.058594    43.629169
57085.5 28201.585938    44.502735
57157.3 22181.777344    43.459965
57229.1 14691.648438    41.670704
57300.9 31741.664062    45.016296
57372.7 24065.593750    43.813969
57444.5 13543.692383    41.317371
57516.3 28568.308594    44.558846
57588.1 28383.705078    44.530693
57659.9 17695.355469    42.478596
57731.8 20455.236328    43.108044
57803.6 34880.417969    45.425816
57875.4 16730.939453    42.235203
57947.2 17720.277344    42.484703
58019.0 31278.693359    44.952488
58090.8 24387.990234    43.871761
58162.6 12541.550781    40.983513
58234.4 27845.568359    44.447559
58306.2 32461.548828    45.113693
58378.0 11130.701172    40.465225
58449.8 24165.470703    43.831955
58521.6 30991.216797    44.912384
58593.4 20410.164062    43.098465
58665.2 15872.952148    42.006577
58737.0 33658.812500    45.270988
58808.8 24603.501953    43.909969
58880.6 15348.207031    41.860577
58952.4 29018.056641    44.626686
59024.3 27980.589844    44.468571
59096.1 16140.075195    42.079056
59167.9 21110.412109    43.244968
59239.7 33714.519531    45.278168
59311.5 15631.450195    41.939995
59383.3 21773.111328    43.379208
59455.1 29627.464844    44.716946
59526.9 23942.251953    43.791653
59598.7 17218.416016    42.359932
59670.5 27706.486328    44.425816
59742.3 29911.964844    44.758450
59814.1 14626.158203    41.651302
59885.9 27546.115234    44.400604
59957.7 27129.042969    44.334343
60029.5 19598.496094    42.922230
60101.3 22725.458984    43.565125
60173.1 30706.523438    44.872307
60245.0 21854.716797    43.395454
60316.8 22294.085938    43.481899
60388.6 30051.363281    44.778641
60460.4 22946.751953    43.607212
60532.2 19837.193359    42.974800
60604.0 27438.742188    44.383640
60675.8 28252.617188    44.510590
60747.6 15003.208008    41.761841
60819.4 29893.093750    44.755707
60891.2 28319.144531    44.520802
60963.0 18705.908203    42.719788
61034.8 24465.648438    43.885571
61106.6 31111.984375    44.929276
61178.4 23178.183594    43.650795
61250.2 17100.890625    42.330189
61322.0 34418.246094    45.367889
61393.8 23039.513672    43.624733
61465.6 15653.012695    41.945984
61537.5 28273.929688    44.513859
61609.3 29426.166016    44.687340
61681.1 15275.894531    41.840065
61752.9 26091.388672    44.164970
61824.7 33636.910156    45.268158
61896.5 16705.419922    42.228577
61968.3 20016.777344    43.013939
62040.1 32649.958984    45.138824
62111.9 24706.210938    43.928062
62183.7 11900.858398    40.755783
62255.5 33219.261719    45.213898
62327.3 28960.195312    44.618015
62399.1 12854.907227    41.090691
62470.9 26583.347656    44.246098
62542.7 33424.281250    45.240623
62614.5 17409.410156    42.407841
62686.3 18468.089844    42.664219
62758.1 36153.546875    45.581509
62830.0 21334.093750    43.290745
62901.8 15733.472656    41.968246
62973.6 30957.875000    44.907715
63045.4 29286.250000    44.666637
63117.2 12552.994141    40.987473
63189.0 26770.529297    44.276573
63260.8 34427.765625    45.369087
63332.6 14479.883789    41.607651
63404.4 23509.474609    43.712429
63476.2 32529.560547    45.122780
63548.0 23565.601562    43.722786
63619.8 16707.287109    42.229061
63691.6 32145.843750    45.071251
63763.4 27744.619141    44.431786
63835.2 14628.465820    41.651989
63907.0 27589.712891    44.407471
63978.8 29130.199219    44.643436
64050.7 17054.414062    42.318367
64122.5 23559.187500    43.721603
64194.3 34045.898438    45.320648
64266.1 18790.839844    42.739464
64337.9 23517.263672    43.713871
64409.7 30181.341797    44.797386
64481.5 25125.251953    44.001102
64553.3 16507.974609    42.176937
64625.1 30421.322266    44.831779
64696.9 30781.384766    44.882881
64768.7 13960.746094    41.449085
64840.5 29693.189453    44.726566
64912.3 28268.888672    44.513088
64984.1 19609.666016    42.924698
65055.9 23292.199219    43.672104
65127.7 34242.398438    45.345642
65199.5 22563.400391    43.534046
65271.3 20116.345703    43.035492
65343.2 33127.292969    45.201859
65415.0 25728.732422    44.104187
65486.8 15835.089844    41.996208
65558.6 30079.998047    44.782776
65630.4 31068.736328    44.923233
65702.2 14348.622070    41.568104
65774.0 28687.558594    44.576935
65845.8 32057.271484    45.059265
65917.6 18740.921875    42.727909
65989.4 19511.386719    42.902878
66061.2 36178.988281    45.584564
66133.0 24900.775391    43.962132
66204.8 13423.140625    41.278542
66276.6 34037.781250    45.319614
66348.4 28050.191406    44.479362
66420.2 12181.430664    40.856979
66492.0 26145.720703    44.174007
66563.9 33570.480469    45.259575
66635.7 16005.643555    42.042732
66707.5 20962.570312    43.214447
66779.3 35848.937500    45.544762
66851.1 21088.916016    43.240543
66922.9 14732.627930    41.682800
66994.7 33010.687500    45.186543
67066.5 29798.361328    44.741928
67138.3 11018.126953    40.421074
67210.1 30284.060547    44.812141
67281.9 34998.148438    45.440449
67353.7 13704.621094    41.368671
67425.5 22141.679688    43.452106
67497.3 34301.910156    45.353184
67569.1 22226.218750    43.468658
67640.9 15982.740234    42.036514
67712.7 35015.304688    45.442581
67784.5 26696.048828    44.264469
67856.4 13536.016602    41.314907
67928.2 28579.587891    44.560562
68000.0 33491.187500    45.249306
68071.8 14560.832031    41.631859
68143.6 25210.138672    44.015751
68215.4 35292.617188    45.476837
68287.2 17708.951172    42.481926
68359.0 21397.753906    43.303680
68430.8 31711.658203    45.012188
68502.6 28206.054688    44.503422
68574.4 13674.732422    41.359184
68646.2 32093.949219    45.064232
68718.0 29771.783203    44.738049
68789.8 13928.068359    41.438908
68861.6 26701.070312    44.265285
68933.4 32058.060547    45.059372
69005.2 18643.953125    42.705379
69077.0 23150.011719    43.645512
69148.9 35281.945312    45.475525
69220.7 22893.609375    43.597145
69292.5 20327.669922    43.080879
69364.3 31677.189453    45.007469
69436.1 28282.560547    44.515186
69507.9 12539.418945    40.982777
69579.7 32835.691406    45.163460
69651.5 32190.326172    45.077251
69723.3 15063.347656    41.779213
69795.1 26752.484375    44.273643
69866.9 33719.167969    45.278770
69938.7 21905.724609    43.405575
70010.5 19403.080078    42.878708
70082.3 36443.246094    45.616169
70154.1 25157.207031    44.006622
70225.9 15623.894531    41.937897
70297.7 33271.636719    45.220741
70369.5 29881.337891    44.753998
70441.4 12732.533203    41.049149
70513.2 28240.949219    44.508789
70585.0 35275.792969    45.474770
70656.8 16560.455078    42.190723
70728.6 21219.541016    43.267361
70800.4 35986.777344    45.561428
70872.2 23336.996094    43.680450
70944.0 13176.028320    41.197845
71015.8 34829.269531    45.419445
71087.6 30872.732422    44.895748
71159.4 10720.102539    40.301991
71231.2 30293.431641    44.813484
71303.0 34108.718750    45.328655
71374.8 15539.604492    41.914402
71446.6 21302.548828    43.284317
71518.4 36503.515625    45.623344
71590.2 20510.583984    43.119778
71662.1 15726.189453    41.966232
71733.9 34505.656250    45.378906
71805.7 27591.132812    44.407696
71877.5 12883.625977    41.100384
71949.3 30292.156250    44.813305
72021.1 35775.933594    45.535908
72092.9 12626.368164    41.012783
72164.7 25146.179688    44.004723
72236.5 34880.144531    45.425781
72308.3 20045.476562    43.020164
72380.1 18288.812500    42.621857
72451.9 34775.601562    45.412746
72523.7 28887.882812    44.607159
72595.5 13376.851562    41.263538
72667.3 31547.568359    44.989658
72739.1 30556.359375    44.851017
72810.9 14389.691406    41.580513
72882.8 26755.804688    44.274181
72954.6 36078.144531    45.572441
73026.4 19298.355469    42.855202
73098.2 23331.289062    43.679386
73170.0 34391.625000    45.364529
73241.8 24699.394531    43.926865
73313.6 16663.031250    42.217541
73385.4 31888.564453    45.036350
73457.2 31470.419922    44.979023
