536884248
1207963648
1032
4294967292
876163636
859190070
168627504
707406346
554306061
707406368
168634922
1637509243
2289754114
1654286459
923582208
4166862525
1198553860
2936059008
1746619140
1673589763
1186809368
2063923293
3204466544
1073770496
2961552512
1618521856
4122175611
3509616384
1746619171
1673589763
2130769331
1260441656
4095961115
1243505600
1929442371
1260216339
573728795
4077124354
4221717019
211493635
1627075329
1761337346
1627077377
1767590676
1669395459
1870722483
1761333506
3522308864
1767590671
1669395459
1870722483
587452688
1259069455
4093863963
4122174400
3490148224
1746619143
1673589795
4098050565
1611883392
1175986944
1186805524
2063923293
3204466544
1073770496
536870916
1125899907
2961749376
1618521856
721447035
587321601
1268245450
4026755227
1639645964
1759202196
50589699
1752916347
4026755099
721421072
2162487296
721447355
1773916167
4030737164
1769701515
4030737153
1267302535
4026755099
721421058
1752944645
721447323
587321601
1752949666
1266838042
4026755099
721421064
1266667524
4026755099
3758425072
4174596988
152776852
66121731
3525526163
1780181115
4026549784
1174666581
3489737472
3817022209
1746619251
4030941810
1611858696
1746619248
49344547
1780181115
